/*--------------------------------*- C++ -*----------------------------------*\
| =========                 |                                                 |
| \\      /  F ield         | OpenFOAM: The Open Source CFD Toolbox           |
|  \\    /   O peration     | Version:  v1912                                 |
|   \\  /    A nd           | Website:  www.openfoam.com                      |
|    \\/     M anipulation  |                                                 |
\*---------------------------------------------------------------------------*/
FoamFile
{
    version     2.0;
    format      ascii;
    class       volVectorField;
    location    "100";
    object      U;
}
// * * * * * * * * * * * * * * * * * * * * * * * * * * * * * * * * * * * * * //

dimensions      [0 1 -1 0 0 0 0];


internalField   uniform (0 0 0);

boundaryField
{
    atmosphere
    {
        type            pressureInletOutletVelocity;
        value           nonuniform List<vector> 
164
(
(0.499328 0.746084 0)
(0.482945 0.738253 0)
(0.465868 0.727551 0)
(0.448493 0.715516 0)
(0.430051 0.703523 0)
(0.411001 0.691137 0)
(0.391948 0.677445 0)
(0.372493 0.662392 0)
(0.352715 0.646921 0)
(0.333049 0.631566 0)
(0.313688 0.615852 0)
(0.294708 0.599457 0)
(0.27621 0.582472 0)
(0.258337 0.564984 0)
(0.241164 0.546867 0)
(0.224745 0.528228 0)
(0.209061 0.509243 0)
(0.194122 0.49001 0)
(0.179981 0.470813 0)
(0.166686 0.451545 0)
(0.154344 0.432018 0)
(0.142894 0.412491 0)
(0.131997 0.393521 0)
(0.121197 0.375574 0)
(0.11089 0.358266 0)
(0.10101 0.34162 0)
(0.0916759 0.325292 0)
(0.0831305 0.309063 0)
(0.0754736 0.293083 0)
(0.0685669 0.277579 0)
(0.0623424 0.26267 0)
(0.0565874 0.248526 0)
(0.0509175 0.235174 0)
(0.0458824 0.221954 0)
(0.0414464 0.209107 0)
(0.0374649 0.196915 0)
(0.0339275 0.185342 0)
(0.0307676 0.174358 0)
(0.0279387 0.163934 0)
(0.0254021 0.15405 0)
(0.0231242 0.144684 0)
(0.0210793 0.135815 0)
(0.0192375 0.127427 0)
(0.0175955 0.1195 0)
(0.0160273 0.112018 0)
(0.0148266 0.104831 0)
(0.0136426 0.0981063 0)
(0.0125873 0.0918086 0)
(0.0116075 0.0859079 0)
(0.0106749 0.0803643 0)
(0.00979756 0.0751412 0)
(0.00897728 0.0702238 0)
(0.0082142 0.0655981 0)
(0.00750685 0.0612502 0)
(0.00685192 0.0571672 0)
(0.00624443 0.0533381 0)
(0.00567749 0.0497531 0)
(0.00515034 0.0463903 0)
(0.00466615 0.0432294 0)
(0.00422351 0.0402618 0)
(0.00382172 0.0374796 0)
(0.00345818 0.0348737 0)
(0.00313264 0.032435 0)
(0.00283925 0.0301551 0)
(0.00257601 0.0280245 0)
(0.00233896 0.0260342 0)
(0.00212509 0.0241764 0)
(0.00193227 0.0224429 0)
(0.00175649 0.020826 0)
(0.0015983 0.0193177 0)
(0.0014542 0.0179117 0)
(0.00131983 0.0166018 0)
(0.00120656 0.0153798 0)
(0.00110457 0.0142424 0)
(0.00101324 0.0131841 0)
(0.000930508 0.0121997 0)
(0.000855096 0.0112842 0)
(0.000786077 0.0104331 0)
(0.000722749 0.00964201 0)
(0.00066455 0.00890709 0)
(0.000611007 0.00822457 0)
(0.000561713 0.00759097 0)
(0.000516312 0.00700304 0)
(0.000474484 0.00645771 0)
(0.000435944 0.00595212 0)
(0.00040043 0.00548356 0)
(0.000367707 0.00504953 0)
(0.000337556 0.00464765 0)
(0.000309779 0.00427571 0)
(0.000284192 0.00393163 0)
(0.000260628 0.00361348 0)
(0.00023893 0.00331944 0)
(0.000218955 0.00304781 0)
(0.000200572 0.002797 0)
(0.000183657 0.00256552 0)
(0.000168098 0.00235198 0)
(0.000153791 0.0021551 0)
(0.000140639 0.00197366 0)
(0.000128553 0.00180654 0)
(0.000117451 0.00165268 0)
(0.000107256 0.0015111 0)
(9.78978e-05 0.00138089 0)
(8.93111e-05 0.00126121 0)
(8.14356e-05 0.00115124 0)
(7.42156e-05 0.00105027 0)
(6.75993e-05 0.000957611 0)
(6.1539e-05 0.000872617 0)
(5.59908e-05 0.000794703 0)
(5.09134e-05 0.000723318 0)
(4.62698e-05 0.000657953 0)
(4.20242e-05 0.000598137 0)
(3.81456e-05 0.00054343 0)
(3.46027e-05 0.000493426 0)
(3.13703e-05 0.000447751 0)
(2.84198e-05 0.000406055 0)
(2.57325e-05 0.000368019 0)
(2.328e-05 0.000333342 0)
(2.10522e-05 0.000301753 0)
(1.90173e-05 0.000272993 0)
(1.71768e-05 0.000246837 0)
(1.54901e-05 0.000223055 0)
(1.39767e-05 0.000201471 0)
(1.25782e-05 0.000181871 0)
(1.13423e-05 0.000164131 0)
(1.01787e-05 0.000148036 0)
(9.18055e-06 0.000133531 0)
(8.20291e-06 0.00012037 0)
(7.4151e-06 0.000108603 0)
(6.56819e-06 9.78919e-05 0)
(5.97779e-06 8.84743e-05 0)
(5.19789e-06 7.97997e-05 0)
(4.8109e-06 7.24783e-05 0)
(3.98245e-06 6.54853e-05 0)
(3.82783e-06 6.0226e-05 0)
(2.67534e-06 5.45793e-05 0)
(2.8619e-06 5.18372e-05 0)
(5.63136e-07 4.71425e-05 0)
(1.44726e-06 4.88262e-05 0)
(-4.87758e-06 4.43866e-05 0)
(-2.03725e-06 5.75139e-05 0)
(-2.36718e-05 5.09166e-05 0)
(0 -1.7657e-05 0)
(0 -1.58135e-05 0)
(0 -1.75039e-06 0)
(0 -1.93954e-06 0)
(1.92323e-05 3.81771e-06 0)
(2.17887e-05 2.61787e-06 0)
(2.16334e-05 5.29126e-06 0)
(2.26273e-05 3.94504e-06 0)
(2.2354e-05 5.31159e-06 0)
(2.27538e-05 4.67378e-06 0)
(2.20457e-05 4.97411e-06 0)
(2.27048e-05 4.71895e-06 0)
(2.09713e-05 5.57877e-06 0)
(0 -1.05723e-06 0)
(0 -1.35065e-06 0)
(0 -1.81461e-07 0)
(0 -5.70387e-07 0)
(0 -4.20466e-07 0)
(0 -1.20211e-06 0)
(0 -1.27087e-06 0)
(0 -3.61314e-06 0)
(0 -3.38837e-06 0)
(2.92189e-05 2.14497e-06 0)
)
;
    }
    inlet
    {
        type            waveVelocity;
        refValue        nonuniform 0();
        refGradient     uniform ( 0 0 0 );
        valueFraction   uniform 1;
        value           nonuniform 0();
    }
    outlet
    {
        type            pressureInletOutletVelocity;
        value           nonuniform List<vector> 
87
(
(1.50116e-05 1.47675e-06 0)
(1.47867e-05 1.40613e-06 0)
(1.43363e-05 1.31303e-06 0)
(1.36697e-05 1.19992e-06 0)
(1.28009e-05 1.06757e-06 0)
(1.17519e-05 9.20151e-07 0)
(1.05583e-05 7.62835e-07 0)
(9.27052e-06 6.00648e-07 0)
(7.95087e-06 4.41033e-07 0)
(6.66565e-06 2.90608e-07 0)
(5.47558e-06 1.55573e-07 0)
(4.42714e-06 4.04284e-08 0)
(3.54756e-06 -5.33478e-08 0)
(2.84406e-06 -1.26198e-07 0)
(2.03821e-06 -2.04785e-07 0)
(1.48905e-06 -2.49722e-07 0)
(1.24949e-06 -2.6154e-07 0)
(1.15973e-06 -2.56733e-07 0)
(1.13075e-06 -2.46187e-07 0)
(1.12231e-06 -2.33086e-07 0)
(1.11979e-06 -2.19486e-07 0)
(1.11914e-06 -2.11891e-07 0)
(1.11901e-06 -2.10215e-07 0)
(1.11888e-06 -2.08543e-07 0)
(1.11877e-06 -2.06874e-07 0)
(1.11865e-06 -2.05206e-07 0)
(1.11854e-06 -2.03541e-07 0)
(1.11843e-06 -2.01878e-07 0)
(1.11833e-06 -2.00217e-07 0)
(1.11822e-06 -1.98559e-07 0)
(1.11812e-06 -1.96904e-07 0)
(1.11802e-06 -1.95251e-07 0)
(1.11792e-06 -1.936e-07 0)
(1.11783e-06 -1.91952e-07 0)
(1.11773e-06 -1.90307e-07 0)
(1.11763e-06 -1.88665e-07 0)
(1.11754e-06 -1.87025e-07 0)
(1.11745e-06 -1.85387e-07 0)
(1.11735e-06 -1.83752e-07 0)
(1.11726e-06 -1.8212e-07 0)
(1.11717e-06 -1.8049e-07 0)
(1.11708e-06 -1.78863e-07 0)
(1.117e-06 -1.77239e-07 0)
(1.11691e-06 -1.75616e-07 0)
(1.11683e-06 -1.73997e-07 0)
(1.11675e-06 -1.72379e-07 0)
(1.11667e-06 -1.70765e-07 0)
(1.11659e-06 -1.69152e-07 0)
(1.11652e-06 -1.67542e-07 0)
(1.11644e-06 -1.65934e-07 0)
(1.11637e-06 -1.64329e-07 0)
(1.11631e-06 -1.62725e-07 0)
(1.11624e-06 -1.61124e-07 0)
(1.11618e-06 -1.59525e-07 0)
(1.11612e-06 -1.57928e-07 0)
(1.11607e-06 -1.56333e-07 0)
(1.11602e-06 -1.5474e-07 0)
(1.11598e-06 -1.53148e-07 0)
(1.11594e-06 -1.51559e-07 0)
(1.11591e-06 -1.49971e-07 0)
(1.11588e-06 -1.48385e-07 0)
(1.11586e-06 -1.468e-07 0)
(1.11585e-06 -1.45217e-07 0)
(1.11585e-06 -1.43635e-07 0)
(1.11585e-06 -1.42054e-07 0)
(1.11587e-06 -1.40474e-07 0)
(1.1159e-06 -1.38895e-07 0)
(1.11594e-06 -1.37317e-07 0)
(1.11599e-06 -1.35739e-07 0)
(1.11606e-06 -1.34162e-07 0)
(1.11615e-06 -1.32584e-07 0)
(1.11626e-06 -1.31006e-07 0)
(1.1164e-06 -1.29427e-07 0)
(1.11656e-06 -1.27846e-07 0)
(1.11676e-06 -1.26262e-07 0)
(1.11701e-06 -1.24667e-07 0)
(1.11729e-06 -1.23086e-07 0)
(1.14501e-06 3.46299e-09 0)
(1.01916e-06 2.7079e-07 0)
(1.40044e-06 3.64724e-07 0)
(1.08682e-06 6.82847e-07 0)
(1.90613e-06 5.73987e-07 0)
(1.36316e-06 1.05505e-06 0)
(2.9002e-06 6.38611e-07 0)
(2.05028e-06 1.42931e-06 0)
(5.14777e-06 5.0125e-07 0)
(2.92189e-05 2.14497e-06 0)
)
;
    }
    bottom
    {
        type            slip;
    }
    frontBack
    {
        type            empty;
    }
    procBoundary7to6
    {
        type            processor;
        value           uniform (0 0 0);
    }
}


// ************************************************************************* //
