/*--------------------------------*- C++ -*----------------------------------*\
| =========                 |                                                 |
| \\      /  F ield         | OpenFOAM: The Open Source CFD Toolbox           |
|  \\    /   O peration     | Version:  v1912                                 |
|   \\  /    A nd           | Website:  www.openfoam.com                      |
|    \\/     M anipulation  |                                                 |
\*---------------------------------------------------------------------------*/
FoamFile
{
    version     2.0;
    format      ascii;
    class       volScalarField;
    location    "100";
    object      p_rgh;
}
// * * * * * * * * * * * * * * * * * * * * * * * * * * * * * * * * * * * * * //

dimensions      [1 -1 -2 0 0 0 0];


internalField   uniform 0;

boundaryField
{
    atmosphere
    {
        type            totalPressure;
        rho             rho;
        psi             none;
        gamma           1;
        p0              uniform 0;
        value           nonuniform List<scalar> 
1312
(
0
0
0
0
0
0
0
0
0
0
0
0
0
0
0
0
0
0
0
0
0
0
0
0
0
0
-0.000207956
-0.00103599
-0.00229333
-0.00374895
-0.00518041
-0.00639632
-0.00725554
-0.00767828
-0.00765311
-0.00722561
-0.00648635
-0.00554876
-0.00452784
-0.0035225
-0.00260495
-0.00181792
-0.00117846
-0.000685926
-0.000331206
-0.000105146
-4.85782e-06
0
0
0
0
0
0
0
0
0
0
0
0
0
0
0
0
0
0
0
0
0
0
0
0
0
0
0
-1.77811e-05
-0.000399714
-0.00134812
-0.00296842
-0.0053771
-0.00868714
-0.0129845
-0.0182999
-0.024576
-0.0316394
-0.0391834
-0.046764
-0.0538301
-0.0597649
-0.0639738
-0.0659555
-0.0654063
-0.062263
-0.0567398
-0.0492988
-0.0405814
-0.0313379
-0.0223141
-0.0142018
-0.00757232
-0.00286326
-0.000368252
0
0
0
0
0
0
0
0
0
0
0
0
0
0
0
0
0
0
0
0
0
0
0
0
0
0
0
0
0
-0.000516356
-0.00278685
-0.006826
-0.0124695
-0.019465
-0.027407
-0.0358593
-0.0442494
-0.0520853
-0.0588175
-0.0640852
-0.067553
-0.0691748
-0.0689154
-0.0670539
-0.0638016
-0.0595752
-0.0546867
-0.049473
-0.0441902
-0.0389963
-0.0340077
-0.0292346
-0.0246951
-0.0203464
-0.0161887
-0.0122434
-0.00860232
-0.00539097
-0.00278358
-0.000953683
-6.82351e-05
0
0
0
0
0
0
0
0
0
0
0
0
0
0
0
0
0
0
0
0
0
0
0
0
0
0
0
-0.000155831
-0.00322828
-0.00948085
-0.0184537
-0.0296001
-0.0428743
-0.0580761
-0.0750925
-0.0937312
-0.11353
-0.133971
-0.154173
-0.173142
-0.189734
-0.202556
-0.210617
-0.212468
-0.207736
-0.195744
-0.177023
-0.152475
-0.12379
-0.0932707
-0.0635146
-0.0372444
-0.0168434
-0.00411517
0
0
0
0
0
0
0
0
0
0
0
0
0
0
0
0
0
0
0
0
0
0
0
0
0
0
-0.000533216
-0.00302577
-0.0070626
-0.0124273
-0.0184211
-0.02489
-0.031127
-0.0370305
-0.0406977
-0.0430301
-0.0449919
-0.046682
-0.0480123
-0.0490357
-0.0497031
-0.0500463
-0.0500484
-0.0497347
-0.0491094
-0.0481986
-0.047016
-0.0455931
-0.0439457
-0.0421102
-0.0401014
-0.0379568
-0.03569
-0.0333364
-0.0309088
-0.0284384
-0.025938
-0.023434
-0.0209421
-0.0184833
-0.0160779
-0.013744
-0.0115074
-0.00938659
-0.0074119
-0.00560528
-0.00400001
-0.00262204
-0.001505
-0.000676555
-0.000166794
0
0
0
0
0
0
0
0
0
0
0
0
0
0
0
0
0
0
0
0
0
0
0
0
0
0
0
0
0
0
0
0
0
0
0
0
0
0
0
0
0
0
0
-2.27303e-05
-0.000320431
-0.000948654
-0.00188219
-0.00309054
-0.00453589
-0.00617723
-0.00796614
-0.0098532
-0.0117833
-0.0137017
-0.0155517
-0.0172778
-0.0188275
-0.0201497
-0.0212024
-0.0219456
-0.0223524
-0.0224018
-0.0220837
-0.0214019
-0.0203703
-0.0190191
-0.017386
-0.0155249
-0.0134958
-0.0113701
-0.00922344
-0.00713551
-0.00518731
-0.00345592
-0.00201406
-0.000925005
-0.000240821
-9.67273e-08
0
0
0
0
0
0
0
0
0
0
0
0
0
0
0
0
0
0
0
0
0
0
0
0
0
0
0
0
0
0
0
0
0
0
0
0
0
0
0
0
0
0
-1.54003e-05
-0.000253057
-0.000781774
-0.00160533
-0.00272492
-0.00414796
-0.00587021
-0.00790459
-0.0102409
-0.012896
-0.0158548
-0.0191346
-0.0227157
-0.0266111
-0.030797
-0.0352751
-0.0400175
-0.0450051
-0.0502071
-0.0555738
-0.0610713
-0.0666106
-0.0721552
-0.0775684
-0.0828121
-0.0877021
-0.0921912
-0.096069
-0.099263
-0.101577
-0.102902
-0.1031
-0.10204
-0.0996644
-0.09589
-0.0907474
-0.0842585
-0.0765676
-0.0678413
-0.0583557
-0.0484293
-0.0384529
-0.0288438
-0.0200399
-0.0124564
-0.00646029
-0.0023349
-0.000252894
0
0
0
0
0
0
0
0
0
0
0
0
0
0
0
0
0
0
0
0
0
0
0
0
0
0
0
0
0
0
0
0
0
-5.81809e-06
-0.000229388
-0.000751935
-0.00153828
-0.00255332
-0.00376825
-0.00514816
-0.00667409
-0.0083111
-0.010051
-0.0118596
-0.0137393
-0.0156671
-0.0176557
-0.0196608
-0.0217029
-0.0237504
-0.0258235
-0.0279024
-0.0299917
-0.0320956
-0.0341889
-0.036302
-0.0383831
-0.0404696
-0.0425036
-0.044498
-0.0464144
-0.0482194
-0.0498986
-0.0513728
-0.0526378
-0.0535928
-0.0542155
-0.0544236
-0.0541555
-0.053374
-0.0520027
-0.0500433
-0.0474517
-0.0442666
-0.040512
-0.0362729
-0.0316472
-0.0267748
-0.0218165
-0.0169632
-0.0123992
-0.0083316
-0.00492893
-0.00234874
-0.00069313
-1.69388e-05
0
0
0
0
0
0
0
0
0
0
0
0
0
0
0
0
0
0
0
0
0
0
0
0
0
-1.73137e-05
-0.0004127
-0.00127917
-0.00265739
-0.00443839
-0.00668002
-0.00925643
-0.0122051
-0.0154289
-0.0189208
-0.0226286
-0.0264929
-0.0305155
-0.0345684
-0.0387184
-0.0427532
-0.0467945
-0.0505627
-0.0541966
-0.0573916
-0.0602545
-0.0625012
-0.064164
-0.0650121
-0.0650058
-0.0639862
-0.0618846
-0.058643
-0.0542598
-0.0487957
-0.0423908
-0.0352751
-0.0277662
-0.0202717
-0.0132672
-0.00727225
-0.00280878
-0.000350478
0
0
0
0
0
0
0
0
0
0
0
0
0
0
0
0
0
0
0
0
0
0
0
0
0
0
0
0
0
0
0
0
0
0
0
0
0
0
0
0
-7.16034e-06
-0.000103003
-0.000243364
-0.000373102
-0.000413739
-0.000383019
-0.000252651
-0.000103552
-2.11111e-06
0
0
0
0
0
0
0
0
0
0
0
0
0
0
0
0
0
0
0
0
0
0
0
0
0
0
0
0
0
0
0
0
0
-7.39359e-05
-0.000476546
-0.00120993
-0.00224222
-0.00354399
-0.00507376
-0.00678702
-0.0086278
-0.010567
-0.0125712
-0.0145956
-0.0165858
-0.0184889
-0.0202584
-0.0212491
-0.0216421
-0.0220179
-0.0223792
-0.0227269
-0.0230605
-0.0233797
-0.0236839
-0.0239729
-0.0242463
-0.0245037
-0.024745
-0.0249699
-0.0251781
-0.0253694
-0.0255438
-0.0257012
-0.0258413
-0.0259642
-0.02607
-0.0261585
-0.0262299
-0.0262842
-0.0263217
-0.0263425
-0.0263468
-0.0263348
-0.0263068
-0.026263
-0.0262038
-0.0261296
-0.0260407
-0.0259375
-0.0258205
-0.0256901
-0.0255468
-0.0253911
-0.0252235
-0.0250445
-0.0248547
-0.0246546
-0.0244449
-0.0242261
-0.0239987
-0.0237635
-0.0235208
-0.0232715
-0.023016
-0.022755
-0.0224891
-0.0222189
-0.0219449
-0.0216679
-0.0213883
-0.0211067
-0.0208238
-0.02054
-0.0202559
-0.0199719
-0.0196886
-0.0194064
-0.0191259
-0.0188474
-0.0185714
-0.0182985
-0.0180289
-0.0177631
-0.0175015
-0.0172442
-0.0169916
-0.0167439
-0.0165016
-0.0162647
-0.0160336
-0.0158085
-0.0155896
-0.0153771
-0.0151711
-0.0149719
-0.0147795
-0.0145941
-0.0144157
-0.0142445
-0.0140806
-0.013924
-0.0137748
-0.013633
-0.0134987
-0.0133718
-0.0132525
-0.0131408
-0.0130366
-0.0129399
-0.0128507
-0.0127691
-0.0126949
-0.0126282
-0.012569
-0.0125172
-0.0124727
-0.0124356
-0.0124057
-0.0123831
-0.0123677
-0.0123595
-0.0123583
-0.0123642
-0.0123771
-0.0123969
-0.0124236
-0.0124572
-0.0124975
-0.0125445
-0.0125982
-0.0126585
-0.0127253
-0.0127986
-0.0128784
-0.0129645
-0.0130569
-0.0131555
-0.0132604
-0.0133713
-0.0134883
-0.0136113
-0.0137402
-0.0138749
-0.0140154
-0.0141616
-0.0143135
-0.0144709
-0.0146338
-0.0148021
-0.0149757
-0.0151546
-0.0153385
-0.0155276
-0.0157216
-0.0159204
-0.016124
-0.0163322
-0.016545
-0.0167621
-0.0169836
-0.0172092
-0.0174388
-0.0176724
-0.0179097
-0.0181507
-0.0183953
-0.0186432
-0.0188943
-0.0191483
-0.0194054
-0.0196655
-0.0199283
-0.0201937
-0.0204615
-0.0207316
-0.0210038
-0.0212779
-0.0215538
-0.0218313
-0.02211
-0.0223901
-0.0226712
-0.0229533
-0.0232362
-0.0235198
-0.0238039
-0.0240883
-0.024373
-0.0246578
-0.0249427
-0.0252274
-0.0255119
-0.0257957
-0.026079
-0.0263615
-0.026643
-0.0269237
-0.0272036
-0.0274825
-0.0277605
-0.0280374
-0.0283132
-0.0285878
-0.028861
-0.0291329
-0.0294036
-0.0296731
-0.0299414
-0.0302089
-0.0304754
-0.0307408
-0.0310054
-0.0312698
-0.0315334
-0.0317962
-0.0320587
-0.0323207
-0.0325822
-0.0328429
-0.0331031
-0.0333629
-0.0336228
-0.033883
-0.0341439
-0.0344049
-0.0346674
-0.0349334
-0.0352016
-0.0354718
-0.0357423
-0.0360127
-0.036283
-0.0365532
-0.0368234
-0.0370935
-0.0373631
-0.0376324
-0.0379008
-0.0381683
-0.038434
-0.0388304
-0.0393482
-0.0398517
-0.0403329
-0.0407901
-0.0412119
-0.0415882
-0.041915
-0.0421821
-0.0423796
-0.0424982
-0.0425258
-0.0424597
-0.0422923
-0.0420191
-0.0416343
-0.0411341
-0.040513
-0.0397724
-0.0389118
-0.0379424
-0.0368646
-0.0356893
-0.0344161
-0.0330708
-0.0316509
-0.0301877
-0.0286758
-0.0271421
-0.0255901
-0.0240373
-0.0224982
-0.0209779
-0.0194744
-0.0180227
-0.0166463
-0.0153698
-0.0141862
-0.0130306
-0.0119352
-0.0108812
-0.00988388
-0.00893391
-0.00803356
-0.00716827
-0.00634076
-0.00556258
-0.00485103
-0.00418838
-0.00358501
-0.0030362
-0.00252032
-0.00203755
-0.00160414
-0.00122213
-0.000881803
-0.000595942
-0.00035071
-0.000166197
-4.46791e-05
-1.16258e-06
0
0
0
0
0
0
0
0
0
0
0
0
0
0
0
0
0
0
0
0
0
0
0
0
0
0
0
0
0
0
0
0
0
0
0
0
0
-0.000420807
-0.000997382
-0.00539084
-0.00793239
-0.0194295
-0.0437673
0
-0.00247884
-0.048374
-0.0439025
-0.0669888
-0.0771014
-0.0959274
-0.111152
-0.130557
-0.151049
-0.175375
-0.203223
-0.238124
-0.277298
-0.324445
-0.389751
-0.453587
-0.525982
-0.586751
-0.603369
-0.609206
-0.631912
-0.664056
-0.700404
-0.771133
-0.823423
-0.663607
-0.374275
-0.0184855
0
0
0
0
0
0
0
0
0
0
0
0
0
0
0
0
0
0
0
0
0
0
0
0
0
0
0
0
0
0
0
0
0
0
0
0
0
0
0
0
0
0
-3.75115e-06
-0.00108732
-0.00421211
-0.00929849
-0.0162439
-0.0248469
-0.0365284
-0.0495427
-0.0625413
-0.0767852
-0.0896449
-0.106793
-0.125876
-0.141694
-0.15535
-0.170337
-0.185839
-0.198928
-0.207133
-0.212206
-0.216181
-0.219295
-0.217333
-0.213286
-0.202541
-0.188901
-0.161154
-0.100845
-0.0505102
-0.0176283
0
0
0
0
0
0
0
0
0
0
0
0
0
0
0
0
0
0
0
0
0
0
0
0
0
0
0
0
0
0
0
0
0
0
0
0
0
0
0
0
0
0
0
0
0
0
0
0
0
0
0
0
0
0
0
0
0
0
0
0
0
0
0
0
0
0
0
0
0
0
0
0
0
0
0
0
0
0
0
0
0
0
0
0
0
0
0
0
0
0
0
0
0
0
0
0
0
0
0
0
0
0
0
0
0
0
0
0
0
0
0
0
0
0
0
0
0
0
0
0
0
0
0
0
0
0
0
0
0
0
0
0
0
0
0
0
0
0
0
0
0
0
0
0
0
0
0
0
0
0
0
0
0
0
0
0
0
0
0
0
-1.87062e-10
-1.5004e-10
-1.8383e-12
-2.25709e-12
0
0
0
0
0
0
0
0
0
-6.70642e-13
-1.09455e-12
-1.97567e-14
-1.95205e-13
-1.06075e-13
-8.67041e-13
-9.69063e-13
-7.83288e-12
-6.88864e-12
0
)
;
    }
    inlet
    {
        type            waveSurfacePressure;
        value           uniform 0;
    }
    outlet
    {
        type            zeroGradient;
    }
    bottom
    {
        type            zeroGradient;
    }
    frontBack
    {
        type            empty;
    }
}


// ************************************************************************* //
