/*--------------------------------*- C++ -*----------------------------------*\
| =========                 |                                                 |
| \\      /  F ield         | OpenFOAM: The Open Source CFD Toolbox           |
|  \\    /   O peration     | Version:  v1912                                 |
|   \\  /    A nd           | Website:  www.openfoam.com                      |
|    \\/     M anipulation  |                                                 |
\*---------------------------------------------------------------------------*/
FoamFile
{
    version     2.0;
    format      ascii;
    class       volVectorField;
    location    "100";
    object      U;
}
// * * * * * * * * * * * * * * * * * * * * * * * * * * * * * * * * * * * * * //

dimensions      [0 1 -1 0 0 0 0];


internalField   uniform (0 0 0);

boundaryField
{
    atmosphere
    {
        type            pressureInletOutletVelocity;
        value           nonuniform List<vector> 
1312
(
(-0.00864187 0.0124487 0)
(-0.0087026 0.0373007 0)
(-0.00882586 0.0626711 0)
(-0.0088955 0.0885446 0)
(-0.00883642 0.114706 0)
(-0.00858109 0.140745 0)
(-0.00807144 0.166073 0)
(-0.00726951 0.189971 0)
(-0.00616124 0.211645 0)
(-0.00475928 0.2303 0)
(-0.00310178 0.245206 0)
(-0.00124804 0.255763 0)
(0.000727976 0.261539 0)
(0.00274497 0.262305 0)
(0.00472171 0.258032 0)
(0.00658327 0.248888 0)
(0.00826547 0.235208 0)
(0.00971772 0.21747 0)
(0.0109037 0.196249 0)
(0.0118009 0.172193 0)
(0.0123986 0.145986 0)
(0.0126962 0.118323 0)
(0.0126994 0.0898939 0)
(0.0124219 0.061366 0)
(0.011879 0.0333777 0)
(0.0110896 0.00653015 0)
(0 -0.018617 0)
(0 -0.041553 0)
(0 -0.0618241 0)
(0 -0.0790459 0)
(0 -0.0929194 0)
(0 -0.10325 0)
(0 -0.109966 0)
(0 -0.113124 0)
(0 -0.112939 0)
(0 -0.109739 0)
(0 -0.103974 0)
(0 -0.0961662 0)
(0 -0.08687 0)
(0 -0.0766213 0)
(0 -0.0658907 0)
(0 -0.0550442 0)
(0 -0.0443182 0)
(0 -0.0338114 0)
(0 -0.0234949 0)
(0 -0.013238 0)
(0 -0.0028454 0)
(-0.00499753 0.00789844 0)
(-0.00515301 0.0191851 0)
(-0.0053364 0.0311432 0)
(-0.00550125 0.0438085 0)
(-0.0055976 0.0571071 0)
(-0.00557758 0.0708523 0)
(-0.00540115 0.0847543 0)
(-0.00504031 0.0984413 0)
(-0.00448194 0.111488 0)
(-0.00372869 0.123451 0)
(-0.00279805 0.133897 0)
(-0.0017201 0.142441 0)
(-0.000534443 0.148764 0)
(0.000713493 0.152634 0)
(0.00197613 0.153914 0)
(0.0032071 0.152566 0)
(0.0043644 0.148644 0)
(0.00541296 0.142288 0)
(0.00632698 0.133702 0)
(0.00709161 0.123139 0)
(0.00770394 0.110875 0)
(0.00817332 0.0971838 0)
(0.00852015 0.0823114 0)
(0.00877419 0.0664532 0)
(0.00896942 0.0497372 0)
(0.0091441 0.0322124 0)
(0.00933132 0.0138506 0)
(0 -0.00544382 0)
(0 -0.0258106 0)
(0 -0.0474012 0)
(0 -0.0703375 0)
(0 -0.094667 0)
(0 -0.120327 0)
(0 -0.147109 0)
(0 -0.174642 0)
(0 -0.202386 0)
(0 -0.229635 0)
(0 -0.25555 0)
(0 -0.279177 0)
(0 -0.299528 0)
(0 -0.315608 0)
(0 -0.326532 0)
(0 -0.331551 0)
(0 -0.330167 0)
(0 -0.322136 0)
(0 -0.307516 0)
(0 -0.286644 0)
(0 -0.260069 0)
(0 -0.228538 0)
(0 -0.192848 0)
(0 -0.15385 0)
(0 -0.112341 0)
(0 -0.0690804 0)
(0 -0.024774 0)
(-0.0214588 0.0199437 0)
(-0.0203528 0.0643913 0)
(-0.0189248 0.107927 0)
(-0.0171846 0.149861 0)
(-0.0151275 0.189529 0)
(-0.0127946 0.226245 0)
(-0.0102278 0.259378 0)
(-0.00749007 0.288382 0)
(-0.0046553 0.312826 0)
(-0.00180722 0.332435 0)
(0.00097762 0.34709 0)
(0.00362614 0.35681 0)
(0.00608098 0.36177 0)
(0.00830543 0.362221 0)
(0.0102783 0.358497 0)
(0.0120009 0.350942 0)
(0.0134838 0.3399 0)
(0.014752 0.325681 0)
(0.0158295 0.308532 0)
(0.0167452 0.288674 0)
(0.0175164 0.266233 0)
(0.0181611 0.241361 0)
(0.0186753 0.214109 0)
(0.0190703 0.184635 0)
(0.0192848 0.15301 0)
(0.019347 0.119431 0)
(0.0192332 0.0840646 0)
(0.0189184 0.0472599 0)
(0.0183572 0.00930886 0)
(0 -0.0293359 0)
(0 -0.0681525 0)
(0 -0.106661 0)
(0 -0.144162 0)
(0 -0.180116 0)
(0 -0.213725 0)
(0 -0.24447 0)
(0 -0.271568 0)
(0 -0.294633 0)
(0 -0.313096 0)
(0 -0.326816 0)
(0 -0.335542 0)
(0 -0.339546 0)
(0 -0.338908 0)
(0 -0.3343 0)
(0 -0.326092 0)
(0 -0.315106 0)
(0 -0.301901 0)
(0 -0.28715 0)
(0 -0.271386 0)
(0 -0.254939 0)
(0 -0.238075 0)
(0 -0.220736 0)
(0 -0.202876 0)
(0 -0.184149 0)
(0 -0.16426 0)
(0 -0.142848 0)
(0 -0.119738 0)
(0 -0.094789 0)
(0 -0.0681124 0)
(0 -0.0398682 0)
(0 -0.0106642 0)
(-0.00996886 0.0195606 0)
(-0.00863653 0.049274 0)
(-0.00697987 0.0801428 0)
(-0.00511595 0.109445 0)
(-0.0034293 0.139574 0)
(-0.00166326 0.169522 0)
(-6.11295e-05 0.200651 0)
(0.0014878 0.233289 0)
(0.00297607 0.268178 0)
(0.00447859 0.305879 0)
(0.00612252 0.3462 0)
(0.00793956 0.388801 0)
(0.0100588 0.43193 0)
(0.012406 0.473481 0)
(0.0150057 0.509998 0)
(0.0176603 0.537958 0)
(0.0202584 0.553568 0)
(0.0225594 0.553977 0)
(0.0244623 0.537488 0)
(0.0258875 0.504148 0)
(0.0267445 0.455713 0)
(0.0270677 0.395441 0)
(0.0267728 0.327017 0)
(0.0260086 0.254953 0)
(0.024639 0.181977 0)
(0.0230909 0.111861 0)
(0.0216432 0.0450169 0)
(0 -0.0161158 0)
(0 -0.0733516 0)
(0 -0.125704 0)
(0 -0.175374 0)
(0 -0.222111 0)
(0 -0.267315 0)
(0 -0.311117 0)
(0 -0.353771 0)
(0 -0.395245 0)
(0 -0.434991 0)
(0 -0.47253 0)
(0 -0.506908 0)
(0 -0.537187 0)
(0 -0.562337 0)
(0 -0.581028 0)
(0 -0.592476 0)
(0 -0.595075 0)
(0 -0.58841 0)
(0 -0.571175 0)
(0 -0.543174 0)
(0 -0.504108 0)
(0 -0.454222 0)
(0 -0.394273 0)
(0 -0.325358 0)
(0 -0.249147 0)
(0 -0.167548 0)
(0 -0.0828167 0)
(-0.0247566 0.00297793 0)
(-0.0236005 0.0868545 0)
(-0.0216127 0.166938 0)
(-0.0188853 0.241226 0)
(-0.0156012 0.308458 0)
(-0.0119225 0.367161 0)
(-0.00804785 0.416753 0)
(-0.00416643 0.45643 0)
(-0.000389189 0.486278 0)
(0.00310855 0.506077 0)
(0.00634384 0.516452 0)
(0.00912057 0.517491 0)
(0.0115907 0.510361 0)
(0.0135511 0.495129 0)
(0.0152461 0.473503 0)
(0.0164608 0.44519 0)
(0.0174706 0.412449 0)
(0.0180717 0.374494 0)
(0.0185281 0.334061 0)
(0.0186613 0.289849 0)
(0.0186898 0.244937 0)
(0.0184773 0.197613 0)
(0.0181827 0.151121 0)
(0.0177112 0.103496 0)
(0.0171519 0.0579745 0)
(0.0164733 0.0125173 0)
(0 -0.029811 0)
(0 -0.0710138 0)
(0 -0.108494 0)
(0 -0.143917 0)
(0 -0.175219 0)
(0 -0.203674 0)
(0 -0.227768 0)
(0 -0.24843 0)
(0 -0.260441 0)
(0 -0.2678 0)
(0 -0.273837 0)
(0 -0.278933 0)
(0 -0.282879 0)
(0 -0.285878 0)
(0 -0.287817 0)
(0 -0.288809 0)
(0 -0.288815 0)
(0 -0.287908 0)
(0 -0.286093 0)
(0 -0.283427 0)
(0 -0.279929 0)
(0 -0.27566 0)
(0 -0.270634 0)
(0 -0.264922 0)
(0 -0.258526 0)
(0 -0.251518 0)
(0 -0.243892 0)
(0 -0.235713 0)
(0 -0.226969 0)
(0 -0.217709 0)
(0 -0.207918 0)
(0 -0.197627 0)
(0 -0.186825 0)
(0 -0.175515 0)
(0 -0.163696 0)
(0 -0.15135 0)
(0 -0.138488 0)
(0 -0.125077 0)
(0 -0.111145 0)
(0 -0.0966547 0)
(0 -0.0816498 0)
(0 -0.0661064 0)
(0 -0.0500832 0)
(0 -0.0335796 0)
(0 -0.016673 0)
(-0.010404 0.000623691 0)
(-0.0105478 0.0181921 0)
(-0.0106052 0.035977 0)
(-0.0105807 0.0538556 0)
(-0.0104675 0.0717559 0)
(-0.010258 0.089532 0)
(-0.00994919 0.107091 0)
(-0.00953808 0.124275 0)
(-0.00902551 0.140976 0)
(-0.0084145 0.157031 0)
(-0.00771017 0.172334 0)
(-0.00692024 0.186727 0)
(-0.00605378 0.200114 0)
(-0.00512016 0.212356 0)
(-0.0041302 0.223378 0)
(-0.00309546 0.23306 0)
(-0.00202811 0.241354 0)
(-0.000940613 0.248168 0)
(0.000157271 0.253482 0)
(0.00125428 0.257235 0)
(0.00233686 0.259436 0)
(0.00339698 0.26005 0)
(0.00442381 0.259116 0)
(0.00541039 0.25664 0)
(0.00635039 0.252679 0)
(0.00723863 0.247266 0)
(0.00807148 0.240474 0)
(0.00884596 0.232356 0)
(0.00956007 0.223 0)
(0.0102134 0.212473 0)
(0.010805 0.200871 0)
(0.0113357 0.188274 0)
(0.0118056 0.17478 0)
(0.0122172 0.160476 0)
(0.0125704 0.145459 0)
(0.0128682 0.129826 0)
(0.0131103 0.113667 0)
(0.0133 0.0970831 0)
(0.0134365 0.0801613 0)
(0.0135224 0.0630052 0)
(0.0135586 0.0456989 0)
(0.0135462 0.028345 0)
(0.0134914 0.0110274 0)
(0 -0.00615498 0)
(0 -0.0231096 0)
(0 -0.0397629 0)
(0 -0.0560087 0)
(0 -0.0717697 0)
(0 -0.0869472 0)
(0 -0.101466 0)
(0 -0.115225 0)
(0 -0.128148 0)
(0 -0.140138 0)
(0 -0.151116 0)
(0 -0.160995 0)
(0 -0.169695 0)
(0 -0.177142 0)
(0 -0.183256 0)
(0 -0.187982 0)
(0 -0.191249 0)
(0 -0.193013 0)
(0 -0.193226 0)
(0 -0.191849 0)
(0 -0.188864 0)
(0 -0.184256 0)
(0 -0.178041 0)
(0 -0.170225 0)
(0 -0.160857 0)
(0 -0.149977 0)
(0 -0.137659 0)
(0 -0.123985 0)
(0 -0.109053 0)
(0 -0.0929812 0)
(0 -0.0758938 0)
(0 -0.0579377 0)
(0 -0.0392642 0)
(0 -0.0200342 0)
(0 -0.000401512 0)
(-0.011821 0.0194431 0)
(-0.0116985 0.0393033 0)
(-0.0114394 0.0590213 0)
(-0.0110439 0.0784138 0)
(-0.0105241 0.0973194 0)
(-0.00987877 0.115586 0)
(-0.00913146 0.13304 0)
(-0.00828116 0.149585 0)
(-0.00735609 0.165034 0)
(-0.00635606 0.179358 0)
(-0.00530911 0.19236 0)
(-0.00421832 0.204078 0)
(-0.00310668 0.214313 0)
(-0.00198382 0.223159 0)
(-0.000862754 0.230432 0)
(0.000239997 0.236268 0)
(0.00132892 0.240517 0)
(0.00237167 0.243324 0)
(0.00338432 0.244597 0)
(0.00433863 0.244466 0)
(0.00524965 0.242912 0)
(0.0060967 0.240041 0)
(0.00689329 0.235884 0)
(0.0076244 0.230525 0)
(0.00830068 0.224042 0)
(0.00891412 0.216491 0)
(0.00947049 0.207983 0)
(0.00997084 0.198556 0)
(0.0104135 0.188329 0)
(0.0108095 0.17734 0)
(0.0111504 0.16569 0)
(0.0114516 0.153438 0)
(0.0117054 0.140639 0)
(0.0119244 0.127389 0)
(0.0121072 0.113691 0)
(0.0122593 0.099675 0)
(0.0123894 0.0852961 0)
(0.012491 0.0707113 0)
(0.0125865 0.0558392 0)
(0.0126569 0.0408441 0)
(0.0127348 0.0256349 0)
(0.0127904 0.0103523 0)
(0 -0.00506629 0)
(0 -0.0205368 0)
(0 -0.0360965 0)
(0 -0.0517257 0)
(0 -0.0673909 0)
(0 -0.0831461 0)
(0 -0.0989125 0)
(0 -0.114779 0)
(0 -0.130645 0)
(0 -0.146606 0)
(0 -0.162556 0)
(0 -0.17858 0)
(0 -0.194575 0)
(0 -0.210599 0)
(0 -0.226558 0)
(0 -0.24247 0)
(0 -0.258255 0)
(0 -0.273877 0)
(0 -0.289272 0)
(0 -0.30434 0)
(0 -0.319038 0)
(0 -0.333193 0)
(0 -0.346783 0)
(0 -0.359556 0)
(0 -0.371511 0)
(0 -0.382322 0)
(0 -0.391985 0)
(0 -0.400144 0)
(0 -0.406741 0)
(0 -0.411455 0)
(0 -0.41413 0)
(0 -0.414528 0)
(0 -0.412391 0)
(0 -0.407563 0)
(0 -0.399771 0)
(0 -0.388903 0)
(0 -0.374741 0)
(0 -0.357229 0)
(0 -0.336257 0)
(0 -0.311865 0)
(0 -0.284105 0)
(0 -0.253156 0)
(0 -0.219256 0)
(0 -0.182756 0)
(0 -0.144086 0)
(0 -0.103765 0)
(0 -0.0623819 0)
(0 -0.0205302 0)
(-0.0252449 0.021107 0)
(-0.0242533 0.0617381 0)
(-0.0227957 0.100756 0)
(-0.0209326 0.13755 0)
(-0.0187177 0.171606 0)
(-0.0162236 0.202449 0)
(-0.0135104 0.229768 0)
(-0.0106887 0.253087 0)
(-0.00781877 0.272419 0)
(-0.00497799 0.287722 0)
(-0.00220748 0.299151 0)
(0.000422796 0.306623 0)
(0.00288422 0.31049 0)
(0.00512274 0.310739 0)
(0.0071458 0.307863 0)
(0.00890956 0.301886 0)
(0.0104478 0.293409 0)
(0.0117292 0.282408 0)
(0.0127984 0.269566 0)
(0.0136373 0.254787 0)
(0.0142917 0.238798 0)
(0.0147568 0.22142 0)
(0.015068 0.203386 0)
(0.0152375 0.184455 0)
(0.0152814 0.165315 0)
(0.0152304 0.145706 0)
(0.0150793 0.126222 0)
(0.0148718 0.106624 0)
(0.0145877 0.0873814 0)
(0.0142765 0.0683111 0)
(0.0139089 0.04974 0)
(0.0135328 0.0315568 0)
(0.0131186 0.0139526 0)
(0 -0.00311397 0)
(0 -0.0195529 0)
(0 -0.0354009 0)
(0 -0.050634 0)
(0 -0.0652344 0)
(0 -0.079249 0)
(0 -0.0926297 0)
(0 -0.105468 0)
(0 -0.117694 0)
(0 -0.129428 0)
(0 -0.140592 0)
(0 -0.151324 0)
(0 -0.161591 0)
(0 -0.171541 0)
(0 -0.181019 0)
(0 -0.190188 0)
(0 -0.198957 0)
(0 -0.207459 0)
(0 -0.215648 0)
(0 -0.223576 0)
(0 -0.231285 0)
(0 -0.238708 0)
(0 -0.245974 0)
(0 -0.252927 0)
(0 -0.25971 0)
(0 -0.266156 0)
(0 -0.272329 0)
(0 -0.278132 0)
(0 -0.283488 0)
(0 -0.288382 0)
(0 -0.292611 0)
(0 -0.296192 0)
(0 -0.298867 0)
(0 -0.300598 0)
(0 -0.301174 0)
(0 -0.300432 0)
(0 -0.298256 0)
(0 -0.2944 0)
(0 -0.2888 0)
(0 -0.281223 0)
(0 -0.271621 0)
(0 -0.259846 0)
(0 -0.245876 0)
(0 -0.229664 0)
(0 -0.211245 0)
(0 -0.190685 0)
(0 -0.168143 0)
(0 -0.143754 0)
(0 -0.117839 0)
(0 -0.090636 0)
(0 -0.0625665 0)
(0 -0.0339885 0)
(0 -0.00531331 0)
(-0.0179036 0.0229415 0)
(-0.0170307 0.0503238 0)
(-0.015855 0.076289 0)
(-0.0143751 0.100545 0)
(-0.0126844 0.122474 0)
(-0.0107742 0.142028 0)
(-0.00875494 0.158558 0)
(-0.00661071 0.172323 0)
(-0.00446886 0.182632 0)
(-0.00230025 0.190072 0)
(-0.000231717 0.193909 0)
(0.00177272 0.195049 0)
(0.00360758 0.192698 0)
(0.00532771 0.188012 0)
(0.0068162 0.180159 0)
(0.00819141 0.17053 0)
(0.00931618 0.158105 0)
(0.0103421 0.14453 0)
(0.0111305 0.128569 0)
(0.01184 0.112075 0)
(0.0123469 0.0935858 0)
(0.0127877 0.0751368 0)
(0.013087 0.0550707 0)
(0.0133172 0.0354845 0)
(0.013474 0.0146578 0)
(0 -0.00537179 0)
(0 -0.0262266 0)
(0 -0.046173 0)
(0 -0.0665506 0)
(0 -0.0860077 0)
(0 -0.105515 0)
(0 -0.124207 0)
(0 -0.142625 0)
(0 -0.160358 0)
(0 -0.17758 0)
(0 -0.194202 0)
(0 -0.21013 0)
(0 -0.22552 0)
(0 -0.240029 0)
(0 -0.254029 0)
(0 -0.266937 0)
(0 -0.279268 0)
(0 -0.290295 0)
(0 -0.300546 0)
(0 -0.309278 0)
(0 -0.316898 0)
(0 -0.322752 0)
(0 -0.327017 0)
(0 -0.329171 0)
(0 -0.329155 0)
(0 -0.326563 0)
(0 -0.321156 0)
(0 -0.312631 0)
(0 -0.300721 0)
(0 -0.285177 0)
(0 -0.265803 0)
(0 -0.24247 0)
(0 -0.215121 0)
(0 -0.18381 0)
(0 -0.148701 0)
(0 -0.110093 0)
(0 -0.0684201 0)
(0 -0.0241688 0)
(-0.0314854 0.0219246 0)
(-0.0318585 0.0690311 0)
(-0.0315086 0.116449 0)
(-0.0304485 0.163387 0)
(-0.0286987 0.209038 0)
(-0.0263185 0.252614 0)
(-0.0233863 0.293394 0)
(-0.0200132 0.33073 0)
(-0.0163002 0.364111 0)
(-0.0123712 0.393114 0)
(-0.00834419 0.417448 0)
(-0.00434046 0.436935 0)
(-0.000455263 0.451528 0)
(0.00322569 0.461281 0)
(0.00662389 0.466334 0)
(0.00969877 0.466939 0)
(0.0124136 0.463395 0)
(0.0147582 0.456046 0)
(0.0167354 0.445278 0)
(0.0183518 0.431481 0)
(0.0196322 0.415063 0)
(0.0205945 0.396401 0)
(0.0212709 0.375901 0)
(0.0216912 0.3539 0)
(0.0218811 0.330748 0)
(0.021875 0.306756 0)
(0.0216826 0.282196 0)
(0.0213408 0.257367 0)
(0.0208563 0.232469 0)
(0.0202567 0.207765 0)
(0.0195471 0.183409 0)
(0.0187388 0.159617 0)
(0.0178463 0.136555 0)
(0.0168531 0.114346 0)
(0.0157916 0.0932319 0)
(0.0146029 0.0732152 0)
(0.0133481 0.0546474 0)
(0.0119122 0.0374223 0)
(0.0104271 0.0219827 0)
(0.00867693 0.00818249 0)
(0 -0.00345455 0)
(0 -0.0131024 0)
(0 -0.0201397 0)
(0 -0.0249367 0)
(0 -0.0262596 0)
(0 -0.0252659 0)
(0 -0.0205204 0)
(0 -0.0131372 0)
(0 -0.00187577 0)
(-0.0230357 0.014268 0)
(-0.0282738 0.03451 0)
(-0.0318012 0.0613166 0)
(-0.0350594 0.0893739 0)
(-0.0364078 0.121847 0)
(-0.0350908 0.151733 0)
(-0.0315379 0.180778 0)
(-0.0263666 0.203823 0)
(-0.019778 0.228984 0)
(-0.0107368 0.241533 0)
(-0.00391601 0.25768 0)
(0.00460682 0.26393 0)
(0.0108207 0.270639 0)
(0.0171351 0.271412 0)
(0.0215867 0.270465 0)
(0.025329 0.26616 0)
(0.0276771 0.259682 0)
(0.0291223 0.251077 0)
(0.0296222 0.240645 0)
(0.0293845 0.228784 0)
(0.0285945 0.215452 0)
(0.0273826 0.200937 0)
(0.0258704 0.185514 0)
(0.0242632 0.169298 0)
(0.0226316 0.152316 0)
(0.0210836 0.134695 0)
(0.0197745 0.116422 0)
(0.0185836 0.0977333 0)
(0.0176895 0.0792487 0)
(0.0170012 0.0605933 0)
(0.0164447 0.0423064 0)
(0.016017 0.0241909 0)
(0.0156259 0.00634589 0)
(0 -0.0111007 0)
(0 -0.0281823 0)
(0 -0.0449061 0)
(0 -0.0611312 0)
(0 -0.0768547 0)
(0 -0.091958 0)
(0 -0.106356 0)
(0 -0.119915 0)
(0 -0.132709 0)
(0 -0.144748 0)
(0 -0.155968 0)
(0 -0.166262 0)
(0 -0.175541 0)
(0 -0.18375 0)
(0 -0.188189 0)
(0 -0.189922 0)
(0 -0.191563 0)
(0 -0.193129 0)
(0 -0.194623 0)
(0 -0.196046 0)
(0 -0.197398 0)
(0 -0.198679 0)
(0 -0.199887 0)
(0 -0.201023 0)
(0 -0.202088 0)
(0 -0.20308 0)
(0 -0.204001 0)
(0 -0.20485 0)
(0 -0.205627 0)
(0 -0.206332 0)
(0 -0.206967 0)
(0 -0.20753 0)
(0 -0.208023 0)
(0 -0.208446 0)
(0 -0.2088 0)
(0 -0.209085 0)
(0 -0.209301 0)
(0 -0.209451 0)
(0 -0.209533 0)
(0 -0.20955 0)
(0 -0.209503 0)
(0 -0.209391 0)
(0 -0.209217 0)
(0 -0.208981 0)
(0 -0.208685 0)
(0 -0.20833 0)
(0 -0.207916 0)
(0 -0.207447 0)
(0 -0.206922 0)
(0 -0.206344 0)
(0 -0.205715 0)
(0 -0.205034 0)
(0 -0.204306 0)
(0 -0.20353 0)
(0 -0.202709 0)
(0 -0.201845 0)
(0 -0.20094 0)
(0 -0.199995 0)
(0 -0.199012 0)
(0 -0.197993 0)
(0 -0.196941 0)
(0 -0.195857 0)
(0 -0.194743 0)
(0 -0.193602 0)
(0 -0.192436 0)
(0 -0.191246 0)
(0 -0.190034 0)
(0 -0.188804 0)
(0 -0.187558 0)
(0 -0.186296 0)
(0 -0.185022 0)
(0 -0.183738 0)
(0 -0.182446 0)
(0 -0.181147 0)
(0 -0.179844 0)
(0 -0.17854 0)
(0 -0.177235 0)
(0 -0.175933 0)
(0 -0.174635 0)
(0 -0.173344 0)
(0 -0.172061 0)
(0 -0.17079 0)
(0 -0.16953 0)
(0 -0.168283 0)
(0 -0.167053 0)
(0 -0.165839 0)
(0 -0.164645 0)
(0 -0.163471 0)
(0 -0.162319 0)
(0 -0.161191 0)
(0 -0.160089 0)
(0 -0.159013 0)
(0 -0.157966 0)
(0 -0.156947 0)
(0 -0.15596 0)
(0 -0.155004 0)
(0 -0.154081 0)
(0 -0.153192 0)
(0 -0.152337 0)
(0 -0.151519 0)
(0 -0.150737 0)
(0 -0.149993 0)
(0 -0.149286 0)
(0 -0.148619 0)
(0 -0.147991 0)
(0 -0.147403 0)
(0 -0.146855 0)
(0 -0.146348 0)
(0 -0.145883 0)
(0 -0.145459 0)
(0 -0.145076 0)
(0 -0.144735 0)
(0 -0.144437 0)
(0 -0.14418 0)
(0 -0.143965 0)
(0 -0.143792 0)
(0 -0.143661 0)
(0 -0.143572 0)
(0 -0.143524 0)
(0 -0.143517 0)
(0 -0.143552 0)
(0 -0.143626 0)
(0 -0.143741 0)
(0 -0.143896 0)
(0 -0.14409 0)
(0 -0.144323 0)
(0 -0.144594 0)
(0 -0.144903 0)
(0 -0.14525 0)
(0 -0.145632 0)
(0 -0.146051 0)
(0 -0.146506 0)
(0 -0.146995 0)
(0 -0.147518 0)
(0 -0.148074 0)
(0 -0.148663 0)
(0 -0.149283 0)
(0 -0.149935 0)
(0 -0.150617 0)
(0 -0.151328 0)
(0 -0.152069 0)
(0 -0.152837 0)
(0 -0.153632 0)
(0 -0.154453 0)
(0 -0.1553 0)
(0 -0.156172 0)
(0 -0.157067 0)
(0 -0.157986 0)
(0 -0.158926 0)
(0 -0.159888 0)
(0 -0.16087 0)
(0 -0.161872 0)
(0 -0.162893 0)
(0 -0.163931 0)
(0 -0.164986 0)
(0 -0.166057 0)
(0 -0.167143 0)
(0 -0.168244 0)
(0 -0.169357 0)
(0 -0.170484 0)
(0 -0.171622 0)
(0 -0.17277 0)
(0 -0.173929 0)
(0 -0.175096 0)
(0 -0.176272 0)
(0 -0.177456 0)
(0 -0.178644 0)
(0 -0.17984 0)
(0 -0.181041 0)
(0 -0.182247 0)
(0 -0.183456 0)
(0 -0.184669 0)
(0 -0.185884 0)
(0 -0.1871 0)
(0 -0.188317 0)
(0 -0.189534 0)
(0 -0.19075 0)
(0 -0.191964 0)
(0 -0.193176 0)
(0 -0.194385 0)
(0 -0.19559 0)
(0 -0.196792 0)
(0 -0.197989 0)
(0 -0.199181 0)
(0 -0.200368 0)
(0 -0.201548 0)
(0 -0.202722 0)
(0 -0.20389 0)
(0 -0.205051 0)
(0 -0.206203 0)
(0 -0.207347 0)
(0 -0.208482 0)
(0 -0.209609 0)
(0 -0.210725 0)
(0 -0.211832 0)
(0 -0.21293 0)
(0 -0.214019 0)
(0 -0.215099 0)
(0 -0.216169 0)
(0 -0.21723 0)
(0 -0.21828 0)
(0 -0.219321 0)
(0 -0.220352 0)
(0 -0.221373 0)
(0 -0.222385 0)
(0 -0.223388 0)
(0 -0.224384 0)
(0 -0.225372 0)
(0 -0.226351 0)
(0 -0.227323 0)
(0 -0.22829 0)
(0 -0.22925 0)
(0 -0.230204 0)
(0 -0.231152 0)
(0 -0.232094 0)
(0 -0.233032 0)
(0 -0.233962 0)
(0 -0.234887 0)
(0 -0.235807 0)
(0 -0.236724 0)
(0 -0.237638 0)
(0 -0.238551 0)
(0 -0.239461 0)
(0 -0.240373 0)
(0 -0.241293 0)
(0 -0.242217 0)
(0 -0.243145 0)
(0 -0.244071 0)
(0 -0.244992 0)
(0 -0.24591 0)
(0 -0.246824 0)
(0 -0.247735 0)
(0 -0.248641 0)
(0 -0.249543 0)
(0 -0.250441 0)
(0 -0.251333 0)
(0 -0.252218 0)
(0 -0.253094 0)
(0 -0.254396 0)
(0 -0.256087 0)
(0 -0.25772 0)
(0 -0.259271 0)
(0 -0.260737 0)
(0 -0.262081 0)
(0 -0.263275 0)
(0 -0.264307 0)
(0 -0.265148 0)
(0 -0.265768 0)
(0 -0.26614 0)
(0 -0.266226 0)
(0 -0.266019 0)
(0 -0.265494 0)
(0 -0.264635 0)
(0 -0.263421 0)
(0 -0.261834 0)
(0 -0.259849 0)
(0 -0.257463 0)
(0 -0.254663 0)
(0 -0.25147 0)
(0 -0.247873 0)
(0 -0.24389 0)
(0 -0.2395 0)
(0 -0.234772 0)
(0 -0.229677 0)
(0 -0.224305 0)
(0 -0.218616 0)
(0 -0.212689 0)
(0 -0.206519 0)
(0 -0.200155 0)
(0 -0.193641 0)
(0 -0.186985 0)
(0 -0.180159 0)
(0 -0.173314 0)
(0 -0.166565 0)
(0 -0.160051 0)
(0 -0.153765 0)
(0 -0.147369 0)
(0 -0.141039 0)
(0 -0.134668 0)
(0 -0.128348 0)
(0 -0.122024 0)
(0 -0.115712 0)
(0 -0.109303 0)
(0 -0.1028 0)
(0 -0.0962858 0)
(0 -0.0899169 0)
(0 -0.0835502 0)
(0 -0.0772982 0)
(0 -0.071136 0)
(0 -0.0648116 0)
(0 -0.0582745 0)
(0 -0.0517066 0)
(0 -0.0451319 0)
(0 -0.0383363 0)
(0 -0.0315157 0)
(0 -0.0241768 0)
(0 -0.0166432 0)
(0 -0.00862932 0)
(0 -0.00139199 0)
(-0.00345328 0.0063847 0)
(-0.00399239 0.0125727 0)
(-0.00370636 0.0199409 0)
(-0.00384833 0.0250435 0)
(-0.00286064 0.0312958 0)
(-0.000487412 0.0363117 0)
(0.00236674 0.046448 0)
(0.00595705 0.0542218 0)
(0.00955532 0.0631288 0)
(0.0131909 0.0690291 0)
(0.0188291 0.0765449 0)
(0.0211097 0.078953 0)
(0.0309058 0.0870425 0)
(0.0313564 0.0824473 0)
(0.04811 0.0987164 0)
(0.043408 0.0636497 0)
(0.0765531 0.173342 0)
(0.0356969 0.427312 0)
(-0.00994049 0.311937 0)
(-0.00831337 0.196318 0)
(-0.00868412 0.163712 0)
(0.00184069 0.143494 0)
(0.000458035 0.150607 0)
(0.00597832 0.147079 0)
(0.00729176 0.15262 0)
(0.0125305 0.148176 0)
(0.0167343 0.148286 0)
(0.0215663 0.139541 0)
(0.0303972 0.137384 0)
(0.0315818 0.127971 0)
(0.0422862 0.121639 0)
(0.0377281 0.101096 0)
(0.0520778 0.0901035 0)
(0.0463405 0.0599127 0)
(0.0684549 0.0555261 0)
(0.063163 0.0223728 0)
(0.0897249 0.0173654 0)
(0 -0.0264829 0)
(0 -0.0407713 0)
(0 -0.0947878 0)
(0 -0.114981 0)
(0 -0.179951 0)
(0 -0.270084 0)
(0.125987 0.311919 0)
(0 -0.0642759 0)
(0 -0.283943 0)
(0 -0.270501 0)
(0 -0.334138 0)
(0 -0.358472 0)
(0 -0.399849 0)
(0 -0.43041 0)
(0 -0.466471 0)
(0 -0.501745 0)
(0 -0.540641 0)
(0 -0.581984 0)
(0 -0.629979 0)
(0 -0.679825 0)
(0 -0.735351 0)
(0 -0.805968 0)
(0 -0.86947 0)
(0 -0.936288 0)
(0 -0.988898 0)
(0 -1.0028 0)
(0 -1.00764 0)
(0 -1.02625 0)
(0 -1.05203 0)
(0 -1.08043 0)
(0 -1.13368 0)
(0 -1.17148 0)
(0 -1.05167 0)
(0 -0.789805 0)
(0 -0.175526 0)
(1.34135 0.308994 0)
(1.4104 1.17328 0)
(1.20879 2.3836 0)
(0.847088 2.44503 0)
(0.684496 1.62216 0)
(0.643667 1.26521 0)
(0.618843 1.4477 0)
(0.481406 1.68462 0)
(0.34667 1.52343 0)
(0.243818 1.02911 0)
(0.263797 0.598422 0)
(0.318676 0.39585 0)
(0.37838 0.394132 0)
(0.416775 0.481772 0)
(0.437906 0.559161 0)
(0.44752 0.613755 0)
(0.446739 0.663897 0)
(0.435448 0.710012 0)
(0.419963 0.747253 0)
(0.405177 0.771353 0)
(0.387427 0.788187 0)
(0.369647 0.794962 0)
(0.360746 0.783523 0)
(0.348335 0.764907 0)
(0.335348 0.74296 0)
(0.321627 0.718911 0)
(0.306779 0.693092 0)
(0.291105 0.664918 0)
(0.274662 0.63445 0)
(0.257832 0.601594 0)
(0.241034 0.565488 0)
(0.225615 0.52471 0)
(0.209579 0.480188 0)
(0.195135 0.434752 0)
(0.179143 0.388334 0)
(0.164238 0.341363 0)
(0.151955 0.291643 0)
(0.140007 0.240577 0)
(0.129994 0.190013 0)
(0.120401 0.139125 0)
(0.112343 0.0892889 0)
(0.106032 0.0422756 0)
(0 -0.00250033 0)
(0 -0.0425698 0)
(0 -0.0837865 0)
(0 -0.124489 0)
(0 -0.164539 0)
(0 -0.203498 0)
(0 -0.24674 0)
(0 -0.287352 0)
(0 -0.322855 0)
(0 -0.357736 0)
(0 -0.386533 0)
(0 -0.421887 0)
(0 -0.458031 0)
(0 -0.485959 0)
(0 -0.508838 0)
(0 -0.532817 0)
(0 -0.556535 0)
(0 -0.575801 0)
(0 -0.587555 0)
(0 -0.594708 0)
(0 -0.600251 0)
(0 -0.604558 0)
(0 -0.601848 0)
(0 -0.596219 0)
(0 -0.581007 0)
(0 -0.561101 0)
(0 -0.518256 0)
(0 -0.40997 0)
(0 -0.290144 0)
(0 -0.171407 0)
(0.665629 0.010922 0)
(0.726339 0.191865 0)
(0.78136 0.355562 0)
(0.825298 0.516593 0)
(0.84467 0.690971 0)
(0.841344 0.896242 0)
(0.782581 1.10762 0)
(0.701537 1.12406 0)
(0.614867 0.925867 0)
(0.58418 0.651445 0)
(0.591197 0.544928 0)
(0.602502 0.539557 0)
(0.610129 0.567893 0)
(0.605218 0.617015 0)
(0.58858 0.663193 0)
(0.572646 0.695684 0)
(0.553518 0.722564 0)
(0.531769 0.741764 0)
(0.516724 0.747425 0)
(0.499328 0.746084 0)
(0.482945 0.738253 0)
(0.465868 0.727551 0)
(0.448493 0.715516 0)
(0.430051 0.703523 0)
(0.411001 0.691137 0)
(0.391948 0.677445 0)
(0.372493 0.662392 0)
(0.352715 0.646921 0)
(0.333049 0.631566 0)
(0.313688 0.615852 0)
(0.294708 0.599457 0)
(0.27621 0.582472 0)
(0.258337 0.564984 0)
(0.241164 0.546867 0)
(0.224745 0.528228 0)
(0.209061 0.509243 0)
(0.194122 0.49001 0)
(0.179981 0.470813 0)
(0.166686 0.451545 0)
(0.154344 0.432018 0)
(0.142894 0.412491 0)
(0.131997 0.393521 0)
(0.121197 0.375574 0)
(0.11089 0.358266 0)
(0.10101 0.34162 0)
(0.0916759 0.325292 0)
(0.0831305 0.309063 0)
(0.0754736 0.293083 0)
(0.0685669 0.277579 0)
(0.0623424 0.26267 0)
(0.0565874 0.248526 0)
(0.0509175 0.235174 0)
(0.0458824 0.221954 0)
(0.0414464 0.209107 0)
(0.0374649 0.196915 0)
(0.0339275 0.185342 0)
(0.0307676 0.174358 0)
(0.0279387 0.163934 0)
(0.0254021 0.15405 0)
(0.0231242 0.144684 0)
(0.0210793 0.135815 0)
(0.0192375 0.127427 0)
(0.0175955 0.1195 0)
(0.0160273 0.112018 0)
(0.0148266 0.104831 0)
(0.0136426 0.0981063 0)
(0.0125873 0.0918086 0)
(0.0116075 0.0859079 0)
(0.0106749 0.0803643 0)
(0.00979756 0.0751412 0)
(0.00897728 0.0702238 0)
(0.0082142 0.0655981 0)
(0.00750685 0.0612502 0)
(0.00685192 0.0571672 0)
(0.00624443 0.0533381 0)
(0.00567749 0.0497531 0)
(0.00515034 0.0463903 0)
(0.00466615 0.0432294 0)
(0.00422351 0.0402618 0)
(0.00382172 0.0374796 0)
(0.00345818 0.0348737 0)
(0.00313264 0.032435 0)
(0.00283925 0.0301551 0)
(0.00257601 0.0280245 0)
(0.00233896 0.0260342 0)
(0.00212509 0.0241764 0)
(0.00193227 0.0224429 0)
(0.00175649 0.020826 0)
(0.0015983 0.0193177 0)
(0.0014542 0.0179117 0)
(0.00131983 0.0166018 0)
(0.00120656 0.0153798 0)
(0.00110457 0.0142424 0)
(0.00101324 0.0131841 0)
(0.000930508 0.0121997 0)
(0.000855096 0.0112842 0)
(0.000786077 0.0104331 0)
(0.000722749 0.00964201 0)
(0.00066455 0.00890709 0)
(0.000611007 0.00822457 0)
(0.000561713 0.00759097 0)
(0.000516312 0.00700304 0)
(0.000474484 0.00645771 0)
(0.000435944 0.00595212 0)
(0.00040043 0.00548356 0)
(0.000367707 0.00504953 0)
(0.000337556 0.00464765 0)
(0.000309779 0.00427571 0)
(0.000284192 0.00393163 0)
(0.000260628 0.00361348 0)
(0.00023893 0.00331944 0)
(0.000218955 0.00304781 0)
(0.000200572 0.002797 0)
(0.000183657 0.00256552 0)
(0.000168098 0.00235198 0)
(0.000153791 0.0021551 0)
(0.000140639 0.00197366 0)
(0.000128553 0.00180654 0)
(0.000117451 0.00165268 0)
(0.000107256 0.0015111 0)
(9.78978e-05 0.00138089 0)
(8.93111e-05 0.00126121 0)
(8.14356e-05 0.00115124 0)
(7.42156e-05 0.00105027 0)
(6.75993e-05 0.000957611 0)
(6.1539e-05 0.000872617 0)
(5.59908e-05 0.000794703 0)
(5.09134e-05 0.000723318 0)
(4.62698e-05 0.000657953 0)
(4.20242e-05 0.000598137 0)
(3.81456e-05 0.00054343 0)
(3.46027e-05 0.000493426 0)
(3.13703e-05 0.000447751 0)
(2.84198e-05 0.000406055 0)
(2.57325e-05 0.000368019 0)
(2.328e-05 0.000333342 0)
(2.10522e-05 0.000301753 0)
(1.90173e-05 0.000272993 0)
(1.71768e-05 0.000246837 0)
(1.54901e-05 0.000223055 0)
(1.39767e-05 0.000201471 0)
(1.25782e-05 0.000181871 0)
(1.13423e-05 0.000164131 0)
(1.01787e-05 0.000148036 0)
(9.18055e-06 0.000133531 0)
(8.20291e-06 0.00012037 0)
(7.4151e-06 0.000108603 0)
(6.56819e-06 9.78919e-05 0)
(5.97779e-06 8.84743e-05 0)
(5.19789e-06 7.97997e-05 0)
(4.8109e-06 7.24783e-05 0)
(3.98245e-06 6.54853e-05 0)
(3.82783e-06 6.0226e-05 0)
(2.67534e-06 5.45793e-05 0)
(2.8619e-06 5.18372e-05 0)
(5.63136e-07 4.71425e-05 0)
(1.44726e-06 4.88262e-05 0)
(-4.87758e-06 4.43866e-05 0)
(-2.03725e-06 5.75139e-05 0)
(-2.36718e-05 5.09166e-05 0)
(0 -1.7657e-05 0)
(0 -1.58135e-05 0)
(0 -1.75039e-06 0)
(0 -1.93954e-06 0)
(1.92323e-05 3.81771e-06 0)
(2.17887e-05 2.61787e-06 0)
(2.16334e-05 5.29126e-06 0)
(2.26273e-05 3.94504e-06 0)
(2.2354e-05 5.31159e-06 0)
(2.27538e-05 4.67378e-06 0)
(2.20457e-05 4.97411e-06 0)
(2.27048e-05 4.71895e-06 0)
(2.09713e-05 5.57877e-06 0)
(0 -1.05723e-06 0)
(0 -1.35065e-06 0)
(0 -1.81461e-07 0)
(0 -5.70387e-07 0)
(0 -4.20466e-07 0)
(0 -1.20211e-06 0)
(0 -1.27087e-06 0)
(0 -3.61314e-06 0)
(0 -3.38837e-06 0)
(2.92189e-05 2.14497e-06 0)
)
;
    }
    inlet
    {
        type            waveVelocity;
        refValue        nonuniform List<vector> 
87
(
(0.453096 0.0739087 0)
(0.449532 0.0497139 0)
(0.447352 0.0258009 0)
(0.446548 0.00203407 0)
(0.447117 -0.0217212 0)
(0.449061 -0.0455996 0)
(0.452387 -0.0697364 0)
(0.457108 -0.0942683 0)
(0.463243 -0.119334 0)
(0.470816 -0.145076 0)
(0.479858 -0.171639 0)
(0.490406 -0.199172 0)
(0.502506 -0.227829 0)
(0.516212 -0.257771 0)
(0.526435 -0.278854 0)
(0.532093 -0.290162 0)
(0.53797 -0.301673 0)
(0.544069 -0.313396 0)
(0.550395 -0.325338 0)
(0.556951 -0.337507 0)
(0.563742 -0.349911 0)
(0.571025 -0.36301 0)
(0.578831 -0.376838 0)
(0.586924 -0.390965 0)
(0.595311 -0.405402 0)
(0.603998 -0.420158 0)
(0.612992 -0.435244 0)
(0.622303 -0.450671 0)
(0.631939 -0.46645 0)
(0.641908 -0.48259 0)
(0.652221 -0.499104 0)
(0.662888 -0.516001 0)
(0.673919 -0.533292 0)
(0.685327 -0.550989 0)
(0.697124 -0.569101 0)
(0.709322 -0.58764 0)
(0.721937 -0.606616 0)
(0.734982 -0.62604 0)
(0.745696 -0.641842 0)
(0 0 0)
(0 0 0)
(0 0 0)
(0 0 0)
(0 0 0)
(0 0 0)
(0 0 0)
(0 0 0)
(0 0 0)
(0 0 0)
(0 0 0)
(0 0 0)
(0 0 0)
(0 0 0)
(0 0 0)
(0 0 0)
(0 0 0)
(0 0 0)
(0 0 0)
(0 0 0)
(0 0 0)
(0 0 0)
(0 0 0)
(0 0 0)
(0 0 0)
(0 0 0)
(0 0 0)
(0 0 0)
(0 0 0)
(0 0 0)
(0 0 0)
(0 0 0)
(0 0 0)
(0 0 0)
(0 0 0)
(0 0 0)
(0 0 0)
(0 0 0)
(0 0 0)
(0 0 0)
(0 0 0)
(0 0 0)
(0 0 0)
(0 0 0)
(0 0 0)
(0 0 0)
(0 0 0)
(0 0 0)
)
;
        refGradient     uniform ( 0 0 0 );
        valueFraction   uniform 1;
        value           nonuniform List<vector> 
87
(
(0.453096 0.0739087 0)
(0.449532 0.0497139 0)
(0.447352 0.0258009 0)
(0.446548 0.00203407 0)
(0.447117 -0.0217212 0)
(0.449061 -0.0455996 0)
(0.452387 -0.0697364 0)
(0.457108 -0.0942683 0)
(0.463243 -0.119334 0)
(0.470816 -0.145076 0)
(0.479858 -0.171639 0)
(0.490406 -0.199172 0)
(0.502506 -0.227829 0)
(0.516212 -0.257771 0)
(0.526435 -0.278854 0)
(0.532093 -0.290162 0)
(0.53797 -0.301673 0)
(0.544069 -0.313396 0)
(0.550395 -0.325338 0)
(0.556951 -0.337507 0)
(0.563742 -0.349911 0)
(0.571025 -0.36301 0)
(0.578831 -0.376838 0)
(0.586924 -0.390965 0)
(0.595311 -0.405402 0)
(0.603998 -0.420158 0)
(0.612992 -0.435244 0)
(0.622303 -0.450671 0)
(0.631939 -0.46645 0)
(0.641908 -0.48259 0)
(0.652221 -0.499104 0)
(0.662888 -0.516001 0)
(0.673919 -0.533292 0)
(0.685327 -0.550989 0)
(0.697124 -0.569101 0)
(0.709322 -0.58764 0)
(0.721937 -0.606616 0)
(0.734982 -0.62604 0)
(0.745696 -0.641842 0)
(0 0 0)
(0 0 0)
(0 0 0)
(0 0 0)
(0 0 0)
(0 0 0)
(0 0 0)
(0 0 0)
(0 0 0)
(0 0 0)
(0 0 0)
(0 0 0)
(0 0 0)
(0 0 0)
(0 0 0)
(0 0 0)
(0 0 0)
(0 0 0)
(0 0 0)
(0 0 0)
(0 0 0)
(0 0 0)
(0 0 0)
(0 0 0)
(0 0 0)
(0 0 0)
(0 0 0)
(0 0 0)
(0 0 0)
(0 0 0)
(0 0 0)
(0 0 0)
(0 0 0)
(0 0 0)
(0 0 0)
(0 0 0)
(0 0 0)
(0 0 0)
(0 0 0)
(0 0 0)
(0 0 0)
(0 0 0)
(0 0 0)
(0 0 0)
(0 0 0)
(0 0 0)
(0 0 0)
(0 0 0)
)
;
    }
    outlet
    {
        type            pressureInletOutletVelocity;
        value           nonuniform List<vector> 
87
(
(1.50116e-05 1.47675e-06 0)
(1.47867e-05 1.40613e-06 0)
(1.43363e-05 1.31303e-06 0)
(1.36697e-05 1.19992e-06 0)
(1.28009e-05 1.06757e-06 0)
(1.17519e-05 9.20151e-07 0)
(1.05583e-05 7.62835e-07 0)
(9.27052e-06 6.00648e-07 0)
(7.95087e-06 4.41033e-07 0)
(6.66565e-06 2.90608e-07 0)
(5.47558e-06 1.55573e-07 0)
(4.42714e-06 4.04284e-08 0)
(3.54756e-06 -5.33478e-08 0)
(2.84406e-06 -1.26198e-07 0)
(2.03821e-06 -2.04785e-07 0)
(1.48905e-06 -2.49722e-07 0)
(1.24949e-06 -2.6154e-07 0)
(1.15973e-06 -2.56733e-07 0)
(1.13075e-06 -2.46187e-07 0)
(1.12231e-06 -2.33086e-07 0)
(1.11979e-06 -2.19486e-07 0)
(1.11914e-06 -2.11891e-07 0)
(1.11901e-06 -2.10215e-07 0)
(1.11888e-06 -2.08543e-07 0)
(1.11877e-06 -2.06874e-07 0)
(1.11865e-06 -2.05206e-07 0)
(1.11854e-06 -2.03541e-07 0)
(1.11843e-06 -2.01878e-07 0)
(1.11833e-06 -2.00217e-07 0)
(1.11822e-06 -1.98559e-07 0)
(1.11812e-06 -1.96904e-07 0)
(1.11802e-06 -1.95251e-07 0)
(1.11792e-06 -1.936e-07 0)
(1.11783e-06 -1.91952e-07 0)
(1.11773e-06 -1.90307e-07 0)
(1.11763e-06 -1.88665e-07 0)
(1.11754e-06 -1.87025e-07 0)
(1.11745e-06 -1.85387e-07 0)
(1.11735e-06 -1.83752e-07 0)
(1.11726e-06 -1.8212e-07 0)
(1.11717e-06 -1.8049e-07 0)
(1.11708e-06 -1.78863e-07 0)
(1.117e-06 -1.77239e-07 0)
(1.11691e-06 -1.75616e-07 0)
(1.11683e-06 -1.73997e-07 0)
(1.11675e-06 -1.72379e-07 0)
(1.11667e-06 -1.70765e-07 0)
(1.11659e-06 -1.69152e-07 0)
(1.11652e-06 -1.67542e-07 0)
(1.11644e-06 -1.65934e-07 0)
(1.11637e-06 -1.64329e-07 0)
(1.11631e-06 -1.62725e-07 0)
(1.11624e-06 -1.61124e-07 0)
(1.11618e-06 -1.59525e-07 0)
(1.11612e-06 -1.57928e-07 0)
(1.11607e-06 -1.56333e-07 0)
(1.11602e-06 -1.5474e-07 0)
(1.11598e-06 -1.53148e-07 0)
(1.11594e-06 -1.51559e-07 0)
(1.11591e-06 -1.49971e-07 0)
(1.11588e-06 -1.48385e-07 0)
(1.11586e-06 -1.468e-07 0)
(1.11585e-06 -1.45217e-07 0)
(1.11585e-06 -1.43635e-07 0)
(1.11585e-06 -1.42054e-07 0)
(1.11587e-06 -1.40474e-07 0)
(1.1159e-06 -1.38895e-07 0)
(1.11594e-06 -1.37317e-07 0)
(1.11599e-06 -1.35739e-07 0)
(1.11606e-06 -1.34162e-07 0)
(1.11615e-06 -1.32584e-07 0)
(1.11626e-06 -1.31006e-07 0)
(1.1164e-06 -1.29427e-07 0)
(1.11656e-06 -1.27846e-07 0)
(1.11676e-06 -1.26262e-07 0)
(1.11701e-06 -1.24667e-07 0)
(1.11729e-06 -1.23086e-07 0)
(1.14501e-06 3.46299e-09 0)
(1.01916e-06 2.7079e-07 0)
(1.40044e-06 3.64724e-07 0)
(1.08682e-06 6.82847e-07 0)
(1.90613e-06 5.73987e-07 0)
(1.36316e-06 1.05505e-06 0)
(2.9002e-06 6.38611e-07 0)
(2.05028e-06 1.42931e-06 0)
(5.14777e-06 5.0125e-07 0)
(2.92189e-05 2.14497e-06 0)
)
;
    }
    bottom
    {
        type            slip;
    }
    frontBack
    {
        type            empty;
    }
}


// ************************************************************************* //
